----------------------DECLARE CHECK START----------------------
elemental number E 1
node number N 8
elemental number M 1
8Å~8 stiffness matrix
8 vector for strain
----------------------KMATRIX CHECK START----------------------
ELEMENTAL 0
0.000000,0.000000,0.000000,0.000000,0.000000,0.000000,0.000000,0.000000,0.000000,0.000000,0.000000,0.000000,0.000000,0.000000,0.000000,0.000000,0.000000,0.000000,0.000000,0.000000,0.000000,0.000000,0.000000,0.000000,
0.000000,0.000000,0.000000,0.000000,0.000000,0.000000,0.000000,0.000000,0.000000,0.000000,0.000000,0.000000,0.000000,0.000000,0.000000,0.000000,0.000000,0.000000,0.000000,0.000000,0.000000,0.000000,0.000000,0.000000,
0.000000,0.000000,0.000000,0.000000,0.000000,0.000000,0.000000,0.000000,0.000000,0.000000,0.000000,0.000000,0.000000,0.000000,0.000000,0.000000,0.000000,0.000000,0.000000,0.000000,0.000000,0.000000,0.000000,0.000000,
0.000000,0.000000,0.000000,0.000000,0.000000,0.000000,0.000000,0.000000,0.000000,0.000000,0.000000,0.000000,0.000000,0.000000,0.000000,0.000000,0.000000,0.000000,0.000000,0.000000,0.000000,0.000000,0.000000,0.000000,
0.000000,0.000000,0.000000,0.000000,0.000000,0.000000,0.000000,0.000000,0.000000,0.000000,0.000000,0.000000,0.000000,0.000000,0.000000,0.000000,0.000000,0.000000,0.000000,0.000000,0.000000,0.000000,0.000000,0.000000,
0.000000,0.000000,0.000000,0.000000,0.000000,0.000000,0.000000,0.000000,0.000000,0.000000,0.000000,0.000000,0.000000,0.000000,0.000000,0.000000,0.000000,0.000000,0.000000,0.000000,0.000000,0.000000,0.000000,0.000000,
0.000000,0.000000,0.000000,0.000000,0.000000,0.000000,0.000000,0.000000,0.000000,0.000000,0.000000,0.000000,0.000000,0.000000,0.000000,0.000000,0.000000,0.000000,0.000000,0.000000,0.000000,0.000000,0.000000,0.000000,
0.000000,0.000000,0.000000,0.000000,0.000000,0.000000,0.000000,0.000000,0.000000,0.000000,0.000000,0.000000,0.000000,0.000000,0.000000,0.000000,0.000000,0.000000,0.000000,0.000000,0.000000,0.000000,0.000000,0.000000,
0.000000,0.000000,0.000000,0.000000,0.000000,0.000000,0.000000,0.000000,0.000000,0.000000,0.000000,0.000000,0.000000,0.000000,0.000000,0.000000,0.000000,0.000000,0.000000,0.000000,0.000000,0.000000,0.000000,0.000000,
0.000000,0.000000,0.000000,0.000000,0.000000,0.000000,0.000000,0.000000,0.000000,0.000000,0.000000,0.000000,0.000000,0.000000,0.000000,0.000000,0.000000,0.000000,0.000000,0.000000,0.000000,0.000000,0.000000,0.000000,
0.000000,0.000000,0.000000,0.000000,0.000000,0.000000,0.000000,0.000000,0.000000,0.000000,0.000000,0.000000,0.000000,0.000000,0.000000,0.000000,0.000000,0.000000,0.000000,0.000000,0.000000,0.000000,0.000000,0.000000,
0.000000,0.000000,0.000000,0.000000,0.000000,0.000000,0.000000,0.000000,0.000000,0.000000,0.000000,0.000000,0.000000,0.000000,0.000000,0.000000,0.000000,0.000000,0.000000,0.000000,0.000000,0.000000,0.000000,0.000000,
0.000000,0.000000,0.000000,0.000000,0.000000,0.000000,0.000000,0.000000,0.000000,0.000000,0.000000,0.000000,0.000000,0.000000,0.000000,0.000000,0.000000,0.000000,0.000000,0.000000,0.000000,0.000000,0.000000,0.000000,
0.000000,0.000000,0.000000,0.000000,0.000000,0.000000,0.000000,0.000000,0.000000,0.000000,0.000000,0.000000,0.000000,0.000000,0.000000,0.000000,0.000000,0.000000,0.000000,0.000000,0.000000,0.000000,0.000000,0.000000,
0.000000,0.000000,0.000000,0.000000,0.000000,0.000000,0.000000,0.000000,0.000000,0.000000,0.000000,0.000000,0.000000,0.000000,0.000000,0.000000,0.000000,0.000000,0.000000,0.000000,0.000000,0.000000,0.000000,0.000000,
0.000000,0.000000,0.000000,0.000000,0.000000,0.000000,0.000000,0.000000,0.000000,0.000000,0.000000,0.000000,0.000000,0.000000,0.000000,0.000000,0.000000,0.000000,0.000000,0.000000,0.000000,0.000000,0.000000,0.000000,
0.000000,0.000000,0.000000,0.000000,0.000000,0.000000,0.000000,0.000000,0.000000,0.000000,0.000000,0.000000,0.000000,0.000000,0.000000,0.000000,0.000000,0.000000,0.000000,0.000000,0.000000,0.000000,0.000000,0.000000,
0.000000,0.000000,0.000000,0.000000,0.000000,0.000000,0.000000,0.000000,0.000000,0.000000,0.000000,0.000000,0.000000,0.000000,0.000000,0.000000,0.000000,0.000000,0.000000,0.000000,0.000000,0.000000,0.000000,0.000000,
0.000000,0.000000,0.000000,0.000000,0.000000,0.000000,0.000000,0.000000,0.000000,0.000000,0.000000,0.000000,0.000000,0.000000,0.000000,0.000000,0.000000,0.000000,0.000000,0.000000,0.000000,0.000000,0.000000,0.000000,
0.000000,0.000000,0.000000,0.000000,0.000000,0.000000,0.000000,0.000000,0.000000,0.000000,0.000000,0.000000,0.000000,0.000000,0.000000,0.000000,0.000000,0.000000,0.000000,0.000000,0.000000,0.000000,0.000000,0.000000,
0.000000,0.000000,0.000000,0.000000,0.000000,0.000000,0.000000,0.000000,0.000000,0.000000,0.000000,0.000000,0.000000,0.000000,0.000000,0.000000,0.000000,0.000000,0.000000,0.000000,0.000000,0.000000,0.000000,0.000000,
0.000000,0.000000,0.000000,0.000000,0.000000,0.000000,0.000000,0.000000,0.000000,0.000000,0.000000,0.000000,0.000000,0.000000,0.000000,0.000000,0.000000,0.000000,0.000000,0.000000,0.000000,0.000000,0.000000,0.000000,
0.000000,0.000000,0.000000,0.000000,0.000000,0.000000,0.000000,0.000000,0.000000,0.000000,0.000000,0.000000,0.000000,0.000000,0.000000,0.000000,0.000000,0.000000,0.000000,0.000000,0.000000,0.000000,0.000000,0.000000,
0.000000,0.000000,0.000000,0.000000,0.000000,0.000000,0.000000,0.000000,0.000000,0.000000,0.000000,0.000000,0.000000,0.000000,0.000000,0.000000,0.000000,0.000000,0.000000,0.000000,0.000000,0.000000,0.000000,0.000000,


Kmatrix_BC
0.000000,0.000000,0.000000,0.000000,0.000000,0.000000,0.000000,0.000000,0.000000,0.000000,0.000000,0.000000,0.000000,0.000000,0.000000,0.000000,0.000000,0.000000,0.000000,0.000000,0.000000,0.000000,0.000000,0.000000,
0.000000,0.000000,0.000000,0.000000,0.000000,0.000000,0.000000,0.000000,0.000000,0.000000,0.000000,0.000000,0.000000,0.000000,0.000000,0.000000,0.000000,0.000000,0.000000,0.000000,0.000000,0.000000,0.000000,0.000000,
0.000000,0.000000,0.000000,0.000000,0.000000,0.000000,0.000000,0.000000,0.000000,0.000000,0.000000,0.000000,0.000000,0.000000,0.000000,0.000000,0.000000,0.000000,0.000000,0.000000,0.000000,0.000000,0.000000,0.000000,
0.000000,0.000000,0.000000,1.000000,0.000000,0.000000,0.000000,0.000000,0.000000,0.000000,0.000000,0.000000,0.000000,0.000000,0.000000,0.000000,0.000000,0.000000,0.000000,0.000000,0.000000,0.000000,0.000000,0.000000,
0.000000,0.000000,0.000000,0.000000,1.000000,0.000000,0.000000,0.000000,0.000000,0.000000,0.000000,0.000000,0.000000,0.000000,0.000000,0.000000,0.000000,0.000000,0.000000,0.000000,0.000000,0.000000,0.000000,0.000000,
0.000000,0.000000,0.000000,0.000000,0.000000,1.000000,0.000000,0.000000,0.000000,0.000000,0.000000,0.000000,0.000000,0.000000,0.000000,0.000000,0.000000,0.000000,0.000000,0.000000,0.000000,0.000000,0.000000,0.000000,
0.000000,0.000000,0.000000,0.000000,0.000000,0.000000,1.000000,0.000000,0.000000,0.000000,0.000000,0.000000,0.000000,0.000000,0.000000,0.000000,0.000000,0.000000,0.000000,0.000000,0.000000,0.000000,0.000000,0.000000,
0.000000,0.000000,0.000000,0.000000,0.000000,0.000000,0.000000,1.000000,0.000000,0.000000,0.000000,0.000000,0.000000,0.000000,0.000000,0.000000,0.000000,0.000000,0.000000,0.000000,0.000000,0.000000,0.000000,0.000000,
0.000000,0.000000,0.000000,0.000000,0.000000,0.000000,0.000000,0.000000,1.000000,0.000000,0.000000,0.000000,0.000000,0.000000,0.000000,0.000000,0.000000,0.000000,0.000000,0.000000,0.000000,0.000000,0.000000,0.000000,
0.000000,0.000000,0.000000,0.000000,0.000000,0.000000,0.000000,0.000000,0.000000,0.000000,0.000000,0.000000,0.000000,0.000000,0.000000,0.000000,0.000000,0.000000,0.000000,0.000000,0.000000,0.000000,0.000000,0.000000,
0.000000,0.000000,0.000000,0.000000,0.000000,0.000000,0.000000,0.000000,0.000000,0.000000,0.000000,0.000000,0.000000,0.000000,0.000000,0.000000,0.000000,0.000000,0.000000,0.000000,0.000000,0.000000,0.000000,0.000000,
0.000000,0.000000,0.000000,0.000000,0.000000,0.000000,0.000000,0.000000,0.000000,0.000000,0.000000,0.000000,0.000000,0.000000,0.000000,0.000000,0.000000,0.000000,0.000000,0.000000,0.000000,0.000000,0.000000,0.000000,
0.000000,0.000000,0.000000,0.000000,0.000000,0.000000,0.000000,0.000000,0.000000,0.000000,0.000000,0.000000,1.000000,0.000000,0.000000,0.000000,0.000000,0.000000,0.000000,0.000000,0.000000,0.000000,0.000000,0.000000,
0.000000,0.000000,0.000000,0.000000,0.000000,0.000000,0.000000,0.000000,0.000000,0.000000,0.000000,0.000000,0.000000,1.000000,0.000000,0.000000,0.000000,0.000000,0.000000,0.000000,0.000000,0.000000,0.000000,0.000000,
0.000000,0.000000,0.000000,0.000000,0.000000,0.000000,0.000000,0.000000,0.000000,0.000000,0.000000,0.000000,0.000000,0.000000,1.000000,0.000000,0.000000,0.000000,0.000000,0.000000,0.000000,0.000000,0.000000,0.000000,
0.000000,0.000000,0.000000,0.000000,0.000000,0.000000,0.000000,0.000000,0.000000,0.000000,0.000000,0.000000,0.000000,0.000000,0.000000,0.000000,0.000000,0.000000,0.000000,0.000000,0.000000,0.000000,0.000000,0.000000,
0.000000,0.000000,0.000000,0.000000,0.000000,0.000000,0.000000,0.000000,0.000000,0.000000,0.000000,0.000000,0.000000,0.000000,0.000000,0.000000,0.000000,0.000000,0.000000,0.000000,0.000000,0.000000,0.000000,0.000000,
0.000000,0.000000,0.000000,0.000000,0.000000,0.000000,0.000000,0.000000,0.000000,0.000000,0.000000,0.000000,0.000000,0.000000,0.000000,0.000000,0.000000,0.000000,0.000000,0.000000,0.000000,0.000000,0.000000,0.000000,
0.000000,0.000000,0.000000,0.000000,0.000000,0.000000,0.000000,0.000000,0.000000,0.000000,0.000000,0.000000,0.000000,0.000000,0.000000,0.000000,0.000000,0.000000,0.000000,0.000000,0.000000,0.000000,0.000000,0.000000,
0.000000,0.000000,0.000000,0.000000,0.000000,0.000000,0.000000,0.000000,0.000000,0.000000,0.000000,0.000000,0.000000,0.000000,0.000000,0.000000,0.000000,0.000000,0.000000,0.000000,0.000000,0.000000,0.000000,0.000000,
0.000000,0.000000,0.000000,0.000000,0.000000,0.000000,0.000000,0.000000,0.000000,0.000000,0.000000,0.000000,0.000000,0.000000,0.000000,0.000000,0.000000,0.000000,0.000000,0.000000,0.000000,0.000000,0.000000,0.000000,
0.000000,0.000000,0.000000,0.000000,0.000000,0.000000,0.000000,0.000000,0.000000,0.000000,0.000000,0.000000,0.000000,0.000000,0.000000,0.000000,0.000000,0.000000,0.000000,0.000000,0.000000,1.000000,0.000000,0.000000,
0.000000,0.000000,0.000000,0.000000,0.000000,0.000000,0.000000,0.000000,0.000000,0.000000,0.000000,0.000000,0.000000,0.000000,0.000000,0.000000,0.000000,0.000000,0.000000,0.000000,0.000000,0.000000,1.000000,0.000000,
0.000000,0.000000,0.000000,0.000000,0.000000,0.000000,0.000000,0.000000,0.000000,0.000000,0.000000,0.000000,0.000000,0.000000,0.000000,0.000000,0.000000,0.000000,0.000000,0.000000,0.000000,0.000000,0.000000,1.000000,
S_BC0.000000
0.000000
0.000000
0.000000
0.000000
0.000000
0.000000
0.000000
0.000000
0.000000
0.000000
0.000000
0.000000
0.000000
0.000000
0.000000
0.000000
0.000000
-100.000000
0.000000
0.000000
0.000000
0.000000
0.000000
----------------------DECLARE CHECK START----------------------
elemental number E 1
node number N 8
elemental number M 2
8Å~8 stiffness matrix
8 vector for strain
----------------------KMATRIX CHECK START----------------------
ELEMENTAL 0
888280.957597,559413.580165,559413.580165,-247498.129409,86454.826025,86454.826025,-261059.670742,-223765.432066,-162738.496047,169519.266714,127139.450037,5085.578000,169519.266714,5085.578000,127139.450037,-261059.670742,-162738.496047,-223765.432066,-267840.441409,-249193.322071,-249193.322071,-189861.578724,-142396.184042,-142396.184042,
559413.580165,888280.957597,559413.580165,127139.450037,169519.266714,5085.578000,-223765.432066,-261059.670742,-162738.496047,86454.826025,-247498.129409,86454.826025,5085.578000,169519.266714,127139.450037,-142396.184042,-189861.578724,-142396.184042,-249193.322071,-267840.441409,-249193.322071,-162738.496047,-261059.670742,-223765.432066,
559413.580165,559413.580165,888280.957597,127139.450037,5085.578000,169519.266714,-142396.184042,-142396.184042,-189861.578724,5085.578000,127139.450037,169519.266714,86454.826025,86454.826025,-247498.129409,-223765.432066,-162738.496047,-261059.670742,-249193.322071,-249193.322071,-267840.441409,-162738.496047,-223765.432066,-261059.670742,
-247498.129409,127139.450037,127139.450037,888280.957597,-132225.028039,-132225.028039,169519.266714,177995.230052,-432274.130127,-261059.670742,376332.772109,-50855.780014,-261059.670742,-50855.780014,376332.772109,169519.266714,-432274.130127,177995.230052,-189861.578724,-162738.496047,-162738.496047,-267840.441409,96625.982028,96625.982028,
86454.826025,169519.266714,5085.578000,-132225.028039,522119.341489,193251.964057,-147481.762043,-430578.937462,177995.230052,193251.964057,-261059.670742,111882.716033,111882.716033,176300.037384,-50855.780014,-66112.514019,169519.266714,-147481.762043,-142396.184042,-261059.670742,-223765.432066,96625.982028,-84759.633356,-66112.514019,
86454.826025,5085.578000,169519.266714,-132225.028039,193251.964057,522119.341489,-66112.514019,-147481.762043,169519.266714,111882.716033,-50855.780014,176300.037384,193251.964057,111882.716033,-261059.670742,-147481.762043,177995.230052,-430578.937462,-142396.184042,-223765.432066,-261059.670742,96625.982028,-66112.514019,-84759.633356,
-261059.670742,-223765.432066,-142396.184042,169519.266714,-147481.762043,-66112.514019,522119.341489,193251.964057,-132225.028039,-430578.937462,177995.230052,-147481.762043,-84759.633356,-66112.514019,96625.982028,176300.037384,-50855.780014,111882.716033,169519.266714,5085.578000,86454.826025,-261059.670742,111882.716033,193251.964057,
-223765.432066,-261059.670742,-142396.184042,177995.230052,-430578.937462,-147481.762043,193251.964057,522119.341489,-132225.028039,-147481.762043,169519.266714,-66112.514019,-66112.514019,-84759.633356,96625.982028,111882.716033,-261059.670742,193251.964057,5085.578000,169519.266714,86454.826025,-50855.780014,176300.037384,111882.716033,
-162738.496047,-162738.496047,-189861.578724,-432274.130127,177995.230052,169519.266714,-132225.028039,-132225.028039,888280.957597,177995.230052,-432274.130127,169519.266714,96625.982028,96625.982028,-267840.441409,-50855.780014,376332.772109,-261059.670742,127139.450037,127139.450037,-247498.129409,376332.772109,-50855.780014,-261059.670742,
169519.266714,86454.826025,5085.578000,-261059.670742,193251.964057,111882.716033,-430578.937462,-147481.762043,177995.230052,522119.341489,-132225.028039,193251.964057,176300.037384,111882.716033,-50855.780014,-84759.633356,96625.982028,-66112.514019,-261059.670742,-142396.184042,-223765.432066,169519.266714,-66112.514019,-147481.762043,
127139.450037,-247498.129409,127139.450037,376332.772109,-261059.670742,-50855.780014,177995.230052,169519.266714,-432274.130127,-132225.028039,888280.957597,-132225.028039,-50855.780014,-261059.670742,376332.772109,96625.982028,-267840.441409,96625.982028,-162738.496047,-189861.578724,-162738.496047,-432274.130127,169519.266714,177995.230052,
5085.578000,86454.826025,169519.266714,-50855.780014,111882.716033,176300.037384,-147481.762043,-66112.514019,169519.266714,193251.964057,-132225.028039,522119.341489,111882.716033,193251.964057,-261059.670742,-66112.514019,96625.982028,-84759.633356,-223765.432066,-142396.184042,-261059.670742,177995.230052,-147481.762043,-430578.937462,
169519.266714,5085.578000,86454.826025,-261059.670742,111882.716033,193251.964057,-84759.633356,-66112.514019,96625.982028,176300.037384,-50855.780014,111882.716033,522119.341489,193251.964057,-132225.028039,-430578.937462,177995.230052,-147481.762043,-261059.670742,-223765.432066,-142396.184042,169519.266714,-147481.762043,-66112.514019,
5085.578000,169519.266714,86454.826025,-50855.780014,176300.037384,111882.716033,-66112.514019,-84759.633356,96625.982028,111882.716033,-261059.670742,193251.964057,193251.964057,522119.341489,-132225.028039,-147481.762043,169519.266714,-66112.514019,-223765.432066,-261059.670742,-142396.184042,177995.230052,-430578.937462,-147481.762043,
127139.450037,127139.450037,-247498.129409,376332.772109,-50855.780014,-261059.670742,96625.982028,96625.982028,-267840.441409,-50855.780014,376332.772109,-261059.670742,-132225.028039,-132225.028039,888280.957597,177995.230052,-432274.130127,169519.266714,-162738.496047,-162738.496047,-189861.578724,-432274.130127,177995.230052,169519.266714,
-261059.670742,-142396.184042,-223765.432066,169519.266714,-66112.514019,-147481.762043,176300.037384,111882.716033,-50855.780014,-84759.633356,96625.982028,-66112.514019,-430578.937462,-147481.762043,177995.230052,522119.341489,-132225.028039,193251.964057,169519.266714,86454.826025,5085.578000,-261059.670742,193251.964057,111882.716033,
-162738.496047,-189861.578724,-162738.496047,-432274.130127,169519.266714,177995.230052,-50855.780014,-261059.670742,376332.772109,96625.982028,-267840.441409,96625.982028,177995.230052,169519.266714,-432274.130127,-132225.028039,888280.957597,-132225.028039,127139.450037,-247498.129409,127139.450037,376332.772109,-261059.670742,-50855.780014,
-223765.432066,-142396.184042,-261059.670742,177995.230052,-147481.762043,-430578.937462,111882.716033,193251.964057,-261059.670742,-66112.514019,96625.982028,-84759.633356,-147481.762043,-66112.514019,169519.266714,193251.964057,-132225.028039,522119.341489,5085.578000,86454.826025,169519.266714,-50855.780014,111882.716033,176300.037384,
-267840.441409,-249193.322071,-249193.322071,-189861.578724,-142396.184042,-142396.184042,169519.266714,5085.578000,127139.450037,-261059.670742,-162738.496047,-223765.432066,-261059.670742,-223765.432066,-162738.496047,169519.266714,127139.450037,5085.578000,888280.957597,559413.580165,559413.580165,-247498.129409,86454.826025,86454.826025,
-249193.322071,-267840.441409,-249193.322071,-162738.496047,-261059.670742,-223765.432066,5085.578000,169519.266714,127139.450037,-142396.184042,-189861.578724,-142396.184042,-223765.432066,-261059.670742,-162738.496047,86454.826025,-247498.129409,86454.826025,559413.580165,888280.957597,559413.580165,127139.450037,169519.266714,5085.578000,
-249193.322071,-249193.322071,-267840.441409,-162738.496047,-223765.432066,-261059.670742,86454.826025,86454.826025,-247498.129409,-223765.432066,-162738.496047,-261059.670742,-142396.184042,-142396.184042,-189861.578724,5085.578000,127139.450037,169519.266714,559413.580165,559413.580165,888280.957597,127139.450037,5085.578000,169519.266714,
-189861.578724,-162738.496047,-162738.496047,-267840.441409,96625.982028,96625.982028,-261059.670742,-50855.780014,376332.772109,169519.266714,-432274.130127,177995.230052,169519.266714,177995.230052,-432274.130127,-261059.670742,376332.772109,-50855.780014,-247498.129409,127139.450037,127139.450037,888280.957597,-132225.028039,-132225.028039,
-142396.184042,-261059.670742,-223765.432066,96625.982028,-84759.633356,-66112.514019,111882.716033,176300.037384,-50855.780014,-66112.514019,169519.266714,-147481.762043,-147481.762043,-430578.937462,177995.230052,193251.964057,-261059.670742,111882.716033,86454.826025,169519.266714,5085.578000,-132225.028039,522119.341489,193251.964057,
-142396.184042,-223765.432066,-261059.670742,96625.982028,-66112.514019,-84759.633356,193251.964057,111882.716033,-261059.670742,-147481.762043,177995.230052,-430578.937462,-66112.514019,-147481.762043,169519.266714,111882.716033,-50855.780014,176300.037384,86454.826025,5085.578000,169519.266714,-132225.028039,193251.964057,522119.341489,


Kmatrix_BC
888280.957597,559413.580165,559413.580165,0.000000,0.000000,0.000000,0.000000,0.000000,0.000000,-247498.129409,86454.826025,86454.826025,0.000000,0.000000,0.000000,169519.266714,5085.578000,127139.450037,-261059.670742,-162738.496047,-223765.432066,0.000000,0.000000,0.000000,
559413.580165,888280.957597,559413.580165,0.000000,0.000000,0.000000,0.000000,0.000000,0.000000,127139.450037,169519.266714,5085.578000,0.000000,0.000000,0.000000,5085.578000,169519.266714,127139.450037,-142396.184042,-189861.578724,-142396.184042,0.000000,0.000000,0.000000,
559413.580165,559413.580165,888280.957597,0.000000,0.000000,0.000000,0.000000,0.000000,0.000000,127139.450037,5085.578000,169519.266714,0.000000,0.000000,0.000000,86454.826025,86454.826025,-247498.129409,-223765.432066,-162738.496047,-261059.670742,0.000000,0.000000,0.000000,
0.000000,0.000000,0.000000,1.000000,0.000000,0.000000,0.000000,0.000000,0.000000,0.000000,0.000000,0.000000,0.000000,0.000000,0.000000,0.000000,0.000000,0.000000,0.000000,0.000000,0.000000,0.000000,0.000000,0.000000,
0.000000,0.000000,0.000000,0.000000,1.000000,0.000000,0.000000,0.000000,0.000000,0.000000,0.000000,0.000000,0.000000,0.000000,0.000000,0.000000,0.000000,0.000000,0.000000,0.000000,0.000000,0.000000,0.000000,0.000000,
0.000000,0.000000,0.000000,0.000000,0.000000,1.000000,0.000000,0.000000,0.000000,0.000000,0.000000,0.000000,0.000000,0.000000,0.000000,0.000000,0.000000,0.000000,0.000000,0.000000,0.000000,0.000000,0.000000,0.000000,
0.000000,0.000000,0.000000,0.000000,0.000000,0.000000,1.000000,0.000000,0.000000,0.000000,0.000000,0.000000,0.000000,0.000000,0.000000,0.000000,0.000000,0.000000,0.000000,0.000000,0.000000,0.000000,0.000000,0.000000,
0.000000,0.000000,0.000000,0.000000,0.000000,0.000000,0.000000,1.000000,0.000000,0.000000,0.000000,0.000000,0.000000,0.000000,0.000000,0.000000,0.000000,0.000000,0.000000,0.000000,0.000000,0.000000,0.000000,0.000000,
0.000000,0.000000,0.000000,0.000000,0.000000,0.000000,0.000000,0.000000,1.000000,0.000000,0.000000,0.000000,0.000000,0.000000,0.000000,0.000000,0.000000,0.000000,0.000000,0.000000,0.000000,0.000000,0.000000,0.000000,
-247498.129409,127139.450037,127139.450037,0.000000,0.000000,0.000000,0.000000,0.000000,0.000000,888280.957597,-132225.028039,-132225.028039,0.000000,0.000000,0.000000,-261059.670742,-50855.780014,376332.772109,169519.266714,-432274.130127,177995.230052,0.000000,0.000000,0.000000,
86454.826025,169519.266714,5085.578000,0.000000,0.000000,0.000000,0.000000,0.000000,0.000000,-132225.028039,522119.341489,193251.964057,0.000000,0.000000,0.000000,111882.716033,176300.037384,-50855.780014,-66112.514019,169519.266714,-147481.762043,0.000000,0.000000,0.000000,
86454.826025,5085.578000,169519.266714,0.000000,0.000000,0.000000,0.000000,0.000000,0.000000,-132225.028039,193251.964057,522119.341489,0.000000,0.000000,0.000000,193251.964057,111882.716033,-261059.670742,-147481.762043,177995.230052,-430578.937462,0.000000,0.000000,0.000000,
0.000000,0.000000,0.000000,0.000000,0.000000,0.000000,0.000000,0.000000,0.000000,0.000000,0.000000,0.000000,1.000000,0.000000,0.000000,0.000000,0.000000,0.000000,0.000000,0.000000,0.000000,0.000000,0.000000,0.000000,
0.000000,0.000000,0.000000,0.000000,0.000000,0.000000,0.000000,0.000000,0.000000,0.000000,0.000000,0.000000,0.000000,1.000000,0.000000,0.000000,0.000000,0.000000,0.000000,0.000000,0.000000,0.000000,0.000000,0.000000,
0.000000,0.000000,0.000000,0.000000,0.000000,0.000000,0.000000,0.000000,0.000000,0.000000,0.000000,0.000000,0.000000,0.000000,1.000000,0.000000,0.000000,0.000000,0.000000,0.000000,0.000000,0.000000,0.000000,0.000000,
169519.266714,5085.578000,86454.826025,0.000000,0.000000,0.000000,0.000000,0.000000,0.000000,-261059.670742,111882.716033,193251.964057,0.000000,0.000000,0.000000,522119.341489,193251.964057,-132225.028039,-430578.937462,177995.230052,-147481.762043,0.000000,0.000000,0.000000,
5085.578000,169519.266714,86454.826025,0.000000,0.000000,0.000000,0.000000,0.000000,0.000000,-50855.780014,176300.037384,111882.716033,0.000000,0.000000,0.000000,193251.964057,522119.341489,-132225.028039,-147481.762043,169519.266714,-66112.514019,0.000000,0.000000,0.000000,
127139.450037,127139.450037,-247498.129409,0.000000,0.000000,0.000000,0.000000,0.000000,0.000000,376332.772109,-50855.780014,-261059.670742,0.000000,0.000000,0.000000,-132225.028039,-132225.028039,888280.957597,177995.230052,-432274.130127,169519.266714,0.000000,0.000000,0.000000,
-261059.670742,-142396.184042,-223765.432066,0.000000,0.000000,0.000000,0.000000,0.000000,0.000000,169519.266714,-66112.514019,-147481.762043,0.000000,0.000000,0.000000,-430578.937462,-147481.762043,177995.230052,522119.341489,-132225.028039,193251.964057,0.000000,0.000000,0.000000,
-162738.496047,-189861.578724,-162738.496047,0.000000,0.000000,0.000000,0.000000,0.000000,0.000000,-432274.130127,169519.266714,177995.230052,0.000000,0.000000,0.000000,177995.230052,169519.266714,-432274.130127,-132225.028039,888280.957597,-132225.028039,0.000000,0.000000,0.000000,
-223765.432066,-142396.184042,-261059.670742,0.000000,0.000000,0.000000,0.000000,0.000000,0.000000,177995.230052,-147481.762043,-430578.937462,0.000000,0.000000,0.000000,-147481.762043,-66112.514019,169519.266714,193251.964057,-132225.028039,522119.341489,0.000000,0.000000,0.000000,
0.000000,0.000000,0.000000,0.000000,0.000000,0.000000,0.000000,0.000000,0.000000,0.000000,0.000000,0.000000,0.000000,0.000000,0.000000,0.000000,0.000000,0.000000,0.000000,0.000000,0.000000,1.000000,0.000000,0.000000,
0.000000,0.000000,0.000000,0.000000,0.000000,0.000000,0.000000,0.000000,0.000000,0.000000,0.000000,0.000000,0.000000,0.000000,0.000000,0.000000,0.000000,0.000000,0.000000,0.000000,0.000000,0.000000,1.000000,0.000000,
0.000000,0.000000,0.000000,0.000000,0.000000,0.000000,0.000000,0.000000,0.000000,0.000000,0.000000,0.000000,0.000000,0.000000,0.000000,0.000000,0.000000,0.000000,0.000000,0.000000,0.000000,0.000000,0.000000,1.000000,
S_BC0.000000
0.000000
0.000000
0.000000
0.000000
0.000000
0.000000
0.000000
0.000000
0.000000
0.000000
0.000000
0.000000
0.000000
0.000000
0.000000
0.000000
0.000000
-100.000000
0.000000
0.000000
0.000000
0.000000
0.000000
----------------------DECLARE CHECK START----------------------
elemental number E 1
node number N 8
elemental number M 2
8Å~8 stiffness matrix
8 vector for strain
----------------------DECLARE CHECK START----------------------
elemental number E 1
node number N 8
elemental number M 2
8Å~8 stiffness matrix
8 vector for strain
----------------------KMATRIX CHECK START----------------------
ELEMENTAL 0
888280.957597,559413.580165,559413.580165,-247498.129409,86454.826025,86454.826025,-261059.670742,-223765.432066,-162738.496047,169519.266714,127139.450037,5085.578000,169519.266714,5085.578000,127139.450037,-261059.670742,-162738.496047,-223765.432066,-267840.441409,-249193.322071,-249193.322071,-189861.578724,-142396.184042,-142396.184042,
559413.580165,888280.957597,559413.580165,127139.450037,169519.266714,5085.578000,-223765.432066,-261059.670742,-162738.496047,86454.826025,-247498.129409,86454.826025,5085.578000,169519.266714,127139.450037,-142396.184042,-189861.578724,-142396.184042,-249193.322071,-267840.441409,-249193.322071,-162738.496047,-261059.670742,-223765.432066,
559413.580165,559413.580165,888280.957597,127139.450037,5085.578000,169519.266714,-142396.184042,-142396.184042,-189861.578724,5085.578000,127139.450037,169519.266714,86454.826025,86454.826025,-247498.129409,-223765.432066,-162738.496047,-261059.670742,-249193.322071,-249193.322071,-267840.441409,-162738.496047,-223765.432066,-261059.670742,
-247498.129409,127139.450037,127139.450037,888280.957597,-132225.028039,-132225.028039,169519.266714,177995.230052,-432274.130127,-261059.670742,376332.772109,-50855.780014,-261059.670742,-50855.780014,376332.772109,169519.266714,-432274.130127,177995.230052,-189861.578724,-162738.496047,-162738.496047,-267840.441409,96625.982028,96625.982028,
86454.826025,169519.266714,5085.578000,-132225.028039,522119.341489,193251.964057,-147481.762043,-430578.937462,177995.230052,193251.964057,-261059.670742,111882.716033,111882.716033,176300.037384,-50855.780014,-66112.514019,169519.266714,-147481.762043,-142396.184042,-261059.670742,-223765.432066,96625.982028,-84759.633356,-66112.514019,
86454.826025,5085.578000,169519.266714,-132225.028039,193251.964057,522119.341489,-66112.514019,-147481.762043,169519.266714,111882.716033,-50855.780014,176300.037384,193251.964057,111882.716033,-261059.670742,-147481.762043,177995.230052,-430578.937462,-142396.184042,-223765.432066,-261059.670742,96625.982028,-66112.514019,-84759.633356,
-261059.670742,-223765.432066,-142396.184042,169519.266714,-147481.762043,-66112.514019,522119.341489,193251.964057,-132225.028039,-430578.937462,177995.230052,-147481.762043,-84759.633356,-66112.514019,96625.982028,176300.037384,-50855.780014,111882.716033,169519.266714,5085.578000,86454.826025,-261059.670742,111882.716033,193251.964057,
-223765.432066,-261059.670742,-142396.184042,177995.230052,-430578.937462,-147481.762043,193251.964057,522119.341489,-132225.028039,-147481.762043,169519.266714,-66112.514019,-66112.514019,-84759.633356,96625.982028,111882.716033,-261059.670742,193251.964057,5085.578000,169519.266714,86454.826025,-50855.780014,176300.037384,111882.716033,
-162738.496047,-162738.496047,-189861.578724,-432274.130127,177995.230052,169519.266714,-132225.028039,-132225.028039,888280.957597,177995.230052,-432274.130127,169519.266714,96625.982028,96625.982028,-267840.441409,-50855.780014,376332.772109,-261059.670742,127139.450037,127139.450037,-247498.129409,376332.772109,-50855.780014,-261059.670742,
169519.266714,86454.826025,5085.578000,-261059.670742,193251.964057,111882.716033,-430578.937462,-147481.762043,177995.230052,522119.341489,-132225.028039,193251.964057,176300.037384,111882.716033,-50855.780014,-84759.633356,96625.982028,-66112.514019,-261059.670742,-142396.184042,-223765.432066,169519.266714,-66112.514019,-147481.762043,
127139.450037,-247498.129409,127139.450037,376332.772109,-261059.670742,-50855.780014,177995.230052,169519.266714,-432274.130127,-132225.028039,888280.957597,-132225.028039,-50855.780014,-261059.670742,376332.772109,96625.982028,-267840.441409,96625.982028,-162738.496047,-189861.578724,-162738.496047,-432274.130127,169519.266714,177995.230052,
5085.578000,86454.826025,169519.266714,-50855.780014,111882.716033,176300.037384,-147481.762043,-66112.514019,169519.266714,193251.964057,-132225.028039,522119.341489,111882.716033,193251.964057,-261059.670742,-66112.514019,96625.982028,-84759.633356,-223765.432066,-142396.184042,-261059.670742,177995.230052,-147481.762043,-430578.937462,
169519.266714,5085.578000,86454.826025,-261059.670742,111882.716033,193251.964057,-84759.633356,-66112.514019,96625.982028,176300.037384,-50855.780014,111882.716033,522119.341489,193251.964057,-132225.028039,-430578.937462,177995.230052,-147481.762043,-261059.670742,-223765.432066,-142396.184042,169519.266714,-147481.762043,-66112.514019,
5085.578000,169519.266714,86454.826025,-50855.780014,176300.037384,111882.716033,-66112.514019,-84759.633356,96625.982028,111882.716033,-261059.670742,193251.964057,193251.964057,522119.341489,-132225.028039,-147481.762043,169519.266714,-66112.514019,-223765.432066,-261059.670742,-142396.184042,177995.230052,-430578.937462,-147481.762043,
127139.450037,127139.450037,-247498.129409,376332.772109,-50855.780014,-261059.670742,96625.982028,96625.982028,-267840.441409,-50855.780014,376332.772109,-261059.670742,-132225.028039,-132225.028039,888280.957597,177995.230052,-432274.130127,169519.266714,-162738.496047,-162738.496047,-189861.578724,-432274.130127,177995.230052,169519.266714,
-261059.670742,-142396.184042,-223765.432066,169519.266714,-66112.514019,-147481.762043,176300.037384,111882.716033,-50855.780014,-84759.633356,96625.982028,-66112.514019,-430578.937462,-147481.762043,177995.230052,522119.341489,-132225.028039,193251.964057,169519.266714,86454.826025,5085.578000,-261059.670742,193251.964057,111882.716033,
-162738.496047,-189861.578724,-162738.496047,-432274.130127,169519.266714,177995.230052,-50855.780014,-261059.670742,376332.772109,96625.982028,-267840.441409,96625.982028,177995.230052,169519.266714,-432274.130127,-132225.028039,888280.957597,-132225.028039,127139.450037,-247498.129409,127139.450037,376332.772109,-261059.670742,-50855.780014,
-223765.432066,-142396.184042,-261059.670742,177995.230052,-147481.762043,-430578.937462,111882.716033,193251.964057,-261059.670742,-66112.514019,96625.982028,-84759.633356,-147481.762043,-66112.514019,169519.266714,193251.964057,-132225.028039,522119.341489,5085.578000,86454.826025,169519.266714,-50855.780014,111882.716033,176300.037384,
-267840.441409,-249193.322071,-249193.322071,-189861.578724,-142396.184042,-142396.184042,169519.266714,5085.578000,127139.450037,-261059.670742,-162738.496047,-223765.432066,-261059.670742,-223765.432066,-162738.496047,169519.266714,127139.450037,5085.578000,888280.957597,559413.580165,559413.580165,-247498.129409,86454.826025,86454.826025,
-249193.322071,-267840.441409,-249193.322071,-162738.496047,-261059.670742,-223765.432066,5085.578000,169519.266714,127139.450037,-142396.184042,-189861.578724,-142396.184042,-223765.432066,-261059.670742,-162738.496047,86454.826025,-247498.129409,86454.826025,559413.580165,888280.957597,559413.580165,127139.450037,169519.266714,5085.578000,
-249193.322071,-249193.322071,-267840.441409,-162738.496047,-223765.432066,-261059.670742,86454.826025,86454.826025,-247498.129409,-223765.432066,-162738.496047,-261059.670742,-142396.184042,-142396.184042,-189861.578724,5085.578000,127139.450037,169519.266714,559413.580165,559413.580165,888280.957597,127139.450037,5085.578000,169519.266714,
-189861.578724,-162738.496047,-162738.496047,-267840.441409,96625.982028,96625.982028,-261059.670742,-50855.780014,376332.772109,169519.266714,-432274.130127,177995.230052,169519.266714,177995.230052,-432274.130127,-261059.670742,376332.772109,-50855.780014,-247498.129409,127139.450037,127139.450037,888280.957597,-132225.028039,-132225.028039,
-142396.184042,-261059.670742,-223765.432066,96625.982028,-84759.633356,-66112.514019,111882.716033,176300.037384,-50855.780014,-66112.514019,169519.266714,-147481.762043,-147481.762043,-430578.937462,177995.230052,193251.964057,-261059.670742,111882.716033,86454.826025,169519.266714,5085.578000,-132225.028039,522119.341489,193251.964057,
-142396.184042,-223765.432066,-261059.670742,96625.982028,-66112.514019,-84759.633356,193251.964057,111882.716033,-261059.670742,-147481.762043,177995.230052,-430578.937462,-66112.514019,-147481.762043,169519.266714,111882.716033,-50855.780014,176300.037384,86454.826025,5085.578000,169519.266714,-132225.028039,193251.964057,522119.341489,


Kmatrix_BC
888280.957597,559413.580165,559413.580165,0.000000,0.000000,0.000000,0.000000,0.000000,0.000000,-247498.129409,86454.826025,86454.826025,0.000000,0.000000,0.000000,169519.266714,5085.578000,127139.450037,-261059.670742,-162738.496047,-223765.432066,0.000000,0.000000,0.000000,
559413.580165,888280.957597,559413.580165,0.000000,0.000000,0.000000,0.000000,0.000000,0.000000,127139.450037,169519.266714,5085.578000,0.000000,0.000000,0.000000,5085.578000,169519.266714,127139.450037,-142396.184042,-189861.578724,-142396.184042,0.000000,0.000000,0.000000,
559413.580165,559413.580165,888280.957597,0.000000,0.000000,0.000000,0.000000,0.000000,0.000000,127139.450037,5085.578000,169519.266714,0.000000,0.000000,0.000000,86454.826025,86454.826025,-247498.129409,-223765.432066,-162738.496047,-261059.670742,0.000000,0.000000,0.000000,
0.000000,0.000000,0.000000,1.000000,0.000000,0.000000,0.000000,0.000000,0.000000,0.000000,0.000000,0.000000,0.000000,0.000000,0.000000,0.000000,0.000000,0.000000,0.000000,0.000000,0.000000,0.000000,0.000000,0.000000,
0.000000,0.000000,0.000000,0.000000,1.000000,0.000000,0.000000,0.000000,0.000000,0.000000,0.000000,0.000000,0.000000,0.000000,0.000000,0.000000,0.000000,0.000000,0.000000,0.000000,0.000000,0.000000,0.000000,0.000000,
0.000000,0.000000,0.000000,0.000000,0.000000,1.000000,0.000000,0.000000,0.000000,0.000000,0.000000,0.000000,0.000000,0.000000,0.000000,0.000000,0.000000,0.000000,0.000000,0.000000,0.000000,0.000000,0.000000,0.000000,
0.000000,0.000000,0.000000,0.000000,0.000000,0.000000,1.000000,0.000000,0.000000,0.000000,0.000000,0.000000,0.000000,0.000000,0.000000,0.000000,0.000000,0.000000,0.000000,0.000000,0.000000,0.000000,0.000000,0.000000,
0.000000,0.000000,0.000000,0.000000,0.000000,0.000000,0.000000,1.000000,0.000000,0.000000,0.000000,0.000000,0.000000,0.000000,0.000000,0.000000,0.000000,0.000000,0.000000,0.000000,0.000000,0.000000,0.000000,0.000000,
0.000000,0.000000,0.000000,0.000000,0.000000,0.000000,0.000000,0.000000,1.000000,0.000000,0.000000,0.000000,0.000000,0.000000,0.000000,0.000000,0.000000,0.000000,0.000000,0.000000,0.000000,0.000000,0.000000,0.000000,
-247498.129409,127139.450037,127139.450037,0.000000,0.000000,0.000000,0.000000,0.000000,0.000000,888280.957597,-132225.028039,-132225.028039,0.000000,0.000000,0.000000,-261059.670742,-50855.780014,376332.772109,169519.266714,-432274.130127,177995.230052,0.000000,0.000000,0.000000,
86454.826025,169519.266714,5085.578000,0.000000,0.000000,0.000000,0.000000,0.000000,0.000000,-132225.028039,522119.341489,193251.964057,0.000000,0.000000,0.000000,111882.716033,176300.037384,-50855.780014,-66112.514019,169519.266714,-147481.762043,0.000000,0.000000,0.000000,
86454.826025,5085.578000,169519.266714,0.000000,0.000000,0.000000,0.000000,0.000000,0.000000,-132225.028039,193251.964057,522119.341489,0.000000,0.000000,0.000000,193251.964057,111882.716033,-261059.670742,-147481.762043,177995.230052,-430578.937462,0.000000,0.000000,0.000000,
0.000000,0.000000,0.000000,0.000000,0.000000,0.000000,0.000000,0.000000,0.000000,0.000000,0.000000,0.000000,1.000000,0.000000,0.000000,0.000000,0.000000,0.000000,0.000000,0.000000,0.000000,0.000000,0.000000,0.000000,
0.000000,0.000000,0.000000,0.000000,0.000000,0.000000,0.000000,0.000000,0.000000,0.000000,0.000000,0.000000,0.000000,1.000000,0.000000,0.000000,0.000000,0.000000,0.000000,0.000000,0.000000,0.000000,0.000000,0.000000,
0.000000,0.000000,0.000000,0.000000,0.000000,0.000000,0.000000,0.000000,0.000000,0.000000,0.000000,0.000000,0.000000,0.000000,1.000000,0.000000,0.000000,0.000000,0.000000,0.000000,0.000000,0.000000,0.000000,0.000000,
169519.266714,5085.578000,86454.826025,0.000000,0.000000,0.000000,0.000000,0.000000,0.000000,-261059.670742,111882.716033,193251.964057,0.000000,0.000000,0.000000,522119.341489,193251.964057,-132225.028039,-430578.937462,177995.230052,-147481.762043,0.000000,0.000000,0.000000,
5085.578000,169519.266714,86454.826025,0.000000,0.000000,0.000000,0.000000,0.000000,0.000000,-50855.780014,176300.037384,111882.716033,0.000000,0.000000,0.000000,193251.964057,522119.341489,-132225.028039,-147481.762043,169519.266714,-66112.514019,0.000000,0.000000,0.000000,
127139.450037,127139.450037,-247498.129409,0.000000,0.000000,0.000000,0.000000,0.000000,0.000000,376332.772109,-50855.780014,-261059.670742,0.000000,0.000000,0.000000,-132225.028039,-132225.028039,888280.957597,177995.230052,-432274.130127,169519.266714,0.000000,0.000000,0.000000,
-261059.670742,-142396.184042,-223765.432066,0.000000,0.000000,0.000000,0.000000,0.000000,0.000000,169519.266714,-66112.514019,-147481.762043,0.000000,0.000000,0.000000,-430578.937462,-147481.762043,177995.230052,522119.341489,-132225.028039,193251.964057,0.000000,0.000000,0.000000,
-162738.496047,-189861.578724,-162738.496047,0.000000,0.000000,0.000000,0.000000,0.000000,0.000000,-432274.130127,169519.266714,177995.230052,0.000000,0.000000,0.000000,177995.230052,169519.266714,-432274.130127,-132225.028039,888280.957597,-132225.028039,0.000000,0.000000,0.000000,
-223765.432066,-142396.184042,-261059.670742,0.000000,0.000000,0.000000,0.000000,0.000000,0.000000,177995.230052,-147481.762043,-430578.937462,0.000000,0.000000,0.000000,-147481.762043,-66112.514019,169519.266714,193251.964057,-132225.028039,522119.341489,0.000000,0.000000,0.000000,
0.000000,0.000000,0.000000,0.000000,0.000000,0.000000,0.000000,0.000000,0.000000,0.000000,0.000000,0.000000,0.000000,0.000000,0.000000,0.000000,0.000000,0.000000,0.000000,0.000000,0.000000,1.000000,0.000000,0.000000,
0.000000,0.000000,0.000000,0.000000,0.000000,0.000000,0.000000,0.000000,0.000000,0.000000,0.000000,0.000000,0.000000,0.000000,0.000000,0.000000,0.000000,0.000000,0.000000,0.000000,0.000000,0.000000,1.000000,0.000000,
